
Geometry optimization cycle 1
Cartesian coordinates (Angstrom)
 Atom        New coordinates             dX        dY        dZ
   C  -0.195400   1.234200   0.872200    0.000000  0.000000  0.000000
   C   1.042800   1.443400  -0.007900    0.000000  0.000000  0.000000
   C   0.000000   0.000000   1.767300    0.000000  0.000000  0.000000
   H  -0.356400   2.092200   1.444800    0.000000  0.000000  0.000000
   H   0.930600   0.112200   2.352300    0.000000  0.000000  0.000000
   H   1.914000   1.564200   0.616700    0.000000  0.000000  0.000000
   H   0.851400   2.336400  -0.563800    0.000000  0.000000  0.000000
   C  -1.234200  -0.195400  -0.872200    0.000000  0.000000  0.000000
   C   0.195400  -1.234200   0.872200    0.000000  0.000000  0.000000
   C   1.234200   0.195400  -0.872200    0.000000  0.000000  0.000000
   C  -1.443400   1.042800   0.007900    0.000000  0.000000  0.000000
   C  -1.042800  -1.443400  -0.007900    0.000000  0.000000  0.000000
   C   1.443400  -1.042800   0.007900    0.000000  0.000000  0.000000
   C   0.000000   0.000000  -1.767300    0.000000  0.000000  0.000000
   H  -2.092200  -0.356400  -1.444800    0.000000  0.000000  0.000000
   H   0.356400  -2.092200   1.444800    0.000000  0.000000  0.000000
   H   2.092200   0.356400  -1.444800    0.000000  0.000000  0.000000
   H  -0.112200   0.930600  -2.352300    0.000000  0.000000  0.000000
   H  -0.930600  -0.112200   2.352300    0.000000  0.000000  0.000000
   H   0.112200  -0.930600  -2.352300    0.000000  0.000000  0.000000
   H  -1.564200   1.914000  -0.616700    0.000000  0.000000  0.000000
   H  -1.914000  -1.564200   0.616700    0.000000  0.000000  0.000000
   H   1.564200  -1.914000  -0.616700    0.000000  0.000000  0.000000
   H  -2.336400   0.851400   0.563800    0.000000  0.000000  0.000000
   H  -0.851400  -2.336400  -0.563800    0.000000  0.000000  0.000000
   H   2.336400  -0.851400   0.563800    0.000000  0.000000  0.000000
converged SCF energy = -388.02814942838
